
 0.0 0.0 -1.0

     -0.7823999192941452 0.20964342653304202 0.0
     -0.7823999192941454 -0.2096434265330415 0.0
     -0.8099999999999999 9.919639073093561e-17 0.0
  

 0.0 0.0 -1.0
  
     -0.7823999192941454 -0.2096434265330415 0.0
     -0.7823999192941452 0.20964342653304202 0.0
     -0.7014805770653955 -0.4049999999999998 0.0
  

 0.0 0.0 -1.0
  
     -0.7014805770653955 -0.4049999999999998 0.0
     -0.7823999192941452 0.20964342653304202 0.0
     -0.7014805770653951 0.4050000000000003 0.0
  

 0.0 0.0 -1.0
  
     -0.7014805770653955 -0.4049999999999998 0.0
     -0.7014805770653951 0.4050000000000003 0.0
     -0.5727564927611037 -0.5727564927611032 0.0
  

 0.0 0.0 -1.0
  
     -0.5727564927611037 -0.5727564927611032 0.0
     -0.7014805770653951 0.4050000000000003 0.0
     -0.5727564927611034 0.5727564927611036 0.0
  

 0.0 0.0 -1.0
  
     -0.5727564927611037 -0.5727564927611032 0.0
     -0.5727564927611034 0.5727564927611036 0.0
     -0.40500000000000036 -0.7014805770653952 0.0
  

 0.0 0.0 -1.0
  
     -0.40500000000000036 -0.7014805770653952 0.0
     -0.5727564927611034 0.5727564927611036 0.0
     -0.4049999999999998 0.7014805770653955 0.0
  

 0.0 0.0 -1.0
  
     -0.40500000000000036 -0.7014805770653952 0.0
     -0.4049999999999998 0.7014805770653955 0.0
     -0.20964342653304238 -0.7823999192941452 0.0
  

 0.0 0.0 -1.0
  
     -0.20964342653304238 -0.7823999192941452 0.0
     -0.4049999999999998 0.7014805770653955 0.0
     -0.20964342653304166 0.7823999192941454 0.0
  

 0.0 0.0 -1.0
  
     -0.20964342653304238 -0.7823999192941452 0.0
     -0.20964342653304166 0.7823999192941454 0.0
     -1.487945860964034e-16 -0.81 0.0
  

 0.0 0.0 -1.0
  
     -1.487945860964034e-16 -0.81 0.0
     -0.20964342653304166 0.7823999192941454 0.0
     4.95981953654678e-17 0.81 0.0
  

 0.0 0.0 -1.0
  
     -1.487945860964034e-16 -0.81 0.0
     4.95981953654678e-17 0.81 0.0
     0.20964342653304138 -0.7823999192941455 0.0
  

 0.0 0.0 -1.0
  
     0.20964342653304138 -0.7823999192941455 0.0
     4.95981953654678e-17 0.81 0.0
     0.20964342653304194 0.7823999192941453 0.0
  

 0.0 0.0 -1.0
  
     0.20964342653304138 -0.7823999192941455 0.0
     0.20964342653304194 0.7823999192941453 0.0
     0.40499999999999947 -0.7014805770653957 0.0
  

 0.0 0.0 -1.0
  
     0.40499999999999947 -0.7014805770653957 0.0
     0.20964342653304194 0.7823999192941453 0.0
     0.4050000000000001 0.7014805770653953 0.0
  

 0.0 0.0 -1.0
  
     0.40499999999999947 -0.7014805770653957 0.0
     0.4050000000000001 0.7014805770653953 0.0
     0.5727564927611033 -0.5727564927611036 0.0
  

 0.0 0.0 -1.0
  
     0.5727564927611033 -0.5727564927611036 0.0
     0.4050000000000001 0.7014805770653953 0.0
     0.5727564927611035 0.5727564927611036 0.0
  

 0.0 0.0 -1.0
  
     0.5727564927611033 -0.5727564927611036 0.0
     0.5727564927611035 0.5727564927611036 0.0
     0.701480577065395 -0.4050000000000004 0.0
  

 0.0 0.0 -1.0
  
     0.701480577065395 -0.4050000000000004 0.0
     0.5727564927611035 0.5727564927611036 0.0
     0.7014805770653953 0.40499999999999997 0.0
  

 0.0 0.0 -1.0
  
     0.701480577065395 -0.4050000000000004 0.0
     0.7014805770653953 0.40499999999999997 0.0
     0.7823999192941451 -0.20964342653304247 0.0
  

 0.0 0.0 -1.0
  
     0.7823999192941451 -0.20964342653304247 0.0
     0.7014805770653953 0.40499999999999997 0.0
     0.7823999192941453 0.2096434265330418 0.0
  

 0.0 0.0 -1.0
  
     0.7823999192941451 -0.20964342653304247 0.0
     0.7823999192941453 0.2096434265330418 0.0
     0.8099999999999999 0.0 0.0
  

 0.0 0.0 1.0
  
     -0.7823999192941454 -0.2096434265330415 0.53
     -0.7823999192941452 0.20964342653304202 0.53
     -0.8099999999999999 9.919639073093561e-17 0.53
  

 0.0 0.0 1.0
  
     -0.7823999192941452 0.20964342653304202 0.53
     -0.7823999192941454 -0.2096434265330415 0.53
     -0.7014805770653955 -0.4049999999999998 0.53
  

 0.0 0.0 1.0
  
     -0.7823999192941452 0.20964342653304202 0.53
     -0.7014805770653955 -0.4049999999999998 0.53
     -0.7014805770653951 0.4050000000000003 0.53
  

 0.0 0.0 1.0
  
     -0.7014805770653951 0.4050000000000003 0.53
     -0.7014805770653955 -0.4049999999999998 0.53
     -0.5727564927611037 -0.5727564927611032 0.53
  

 0.0 0.0 1.0
  
     -0.7014805770653951 0.4050000000000003 0.53
     -0.5727564927611037 -0.5727564927611032 0.53
     -0.5727564927611034 0.5727564927611036 0.53
  

 0.0 0.0 1.0
  
     -0.5727564927611034 0.5727564927611036 0.53
     -0.5727564927611037 -0.5727564927611032 0.53
     -0.40500000000000036 -0.7014805770653952 0.53
  

 0.0 0.0 1.0
  
     -0.5727564927611034 0.5727564927611036 0.53
     -0.40500000000000036 -0.7014805770653952 0.53
     -0.4049999999999998 0.7014805770653955 0.53
  

 0.0 0.0 1.0
  
     -0.4049999999999998 0.7014805770653955 0.53
     -0.40500000000000036 -0.7014805770653952 0.53
     -0.20964342653304238 -0.7823999192941452 0.53
  

 0.0 0.0 1.0
  
     -0.4049999999999998 0.7014805770653955 0.53
     -0.20964342653304238 -0.7823999192941452 0.53
     -0.20964342653304166 0.7823999192941454 0.53
  

 0.0 0.0 1.0
  
     -0.20964342653304166 0.7823999192941454 0.53
     -0.20964342653304238 -0.7823999192941452 0.53
     -1.487945860964034e-16 -0.81 0.53
  

 0.0 0.0 1.0
  
     -0.20964342653304166 0.7823999192941454 0.53
     -1.487945860964034e-16 -0.81 0.53
     4.95981953654678e-17 0.81 0.53
  

 0.0 0.0 1.0
  
     4.95981953654678e-17 0.81 0.53
     -1.487945860964034e-16 -0.81 0.53
     0.20964342653304138 -0.7823999192941455 0.53
  

 0.0 0.0 1.0
  
     4.95981953654678e-17 0.81 0.53
     0.20964342653304138 -0.7823999192941455 0.53
     0.20964342653304194 0.7823999192941453 0.53
  

 0.0 0.0 1.0
  
     0.20964342653304194 0.7823999192941453 0.53
     0.20964342653304138 -0.7823999192941455 0.53
     0.40499999999999947 -0.7014805770653957 0.53
  

 0.0 0.0 1.0
  
     0.20964342653304194 0.7823999192941453 0.53
     0.40499999999999947 -0.7014805770653957 0.53
     0.4050000000000001 0.7014805770653953 0.53
  

 0.0 0.0 1.0
  
     0.4050000000000001 0.7014805770653953 0.53
     0.40499999999999947 -0.7014805770653957 0.53
     0.5727564927611033 -0.5727564927611036 0.53
  

 0.0 0.0 1.0
  
     0.4050000000000001 0.7014805770653953 0.53
     0.5727564927611033 -0.5727564927611036 0.53
     0.5727564927611035 0.5727564927611036 0.53
  

 0.0 0.0 1.0
  
     0.5727564927611035 0.5727564927611036 0.53
     0.5727564927611033 -0.5727564927611036 0.53
     0.701480577065395 -0.4050000000000004 0.53
  

 0.0 0.0 1.0
  
     0.5727564927611035 0.5727564927611036 0.53
     0.701480577065395 -0.4050000000000004 0.53
     0.7014805770653953 0.40499999999999997 0.53
  

 0.0 0.0 1.0
  
     0.7014805770653953 0.40499999999999997 0.53
     0.701480577065395 -0.4050000000000004 0.53
     0.7823999192941451 -0.20964342653304247 0.53
  

 0.0 0.0 1.0
  
     0.7014805770653953 0.40499999999999997 0.53
     0.7823999192941451 -0.20964342653304247 0.53
     0.7823999192941453 0.2096434265330418 0.53
  

 0.0 0.0 1.0
  
     0.7823999192941453 0.2096434265330418 0.53
     0.7823999192941451 -0.20964342653304247 0.53
     0.8099999999999999 0.0 0.53
  

 -0.13052619222005196 -0.9914448613738105 -0.0
  
     -1.487945860964034e-16 -0.81 0.53
     -0.20964342653304238 -0.7823999192941452 0.0
     -1.487945860964034e-16 -0.81 0.0
  

 -0.13052619222005196 -0.9914448613738105 -0.0
  
     -0.20964342653304238 -0.7823999192941452 0.0
     -1.487945860964034e-16 -0.81 0.53
     -0.20964342653304238 -0.7823999192941452 0.53
  

 -0.38268343236509017 -0.9238795325112866 -0.0
  
     -0.20964342653304238 -0.7823999192941452 0.53
     -0.40500000000000036 -0.7014805770653952 0.0
     -0.20964342653304238 -0.7823999192941452 0.0
  

 -0.38268343236509017 -0.9238795325112866 -0.0
  
     -0.40500000000000036 -0.7014805770653952 0.0
     -0.20964342653304238 -0.7823999192941452 0.53
     -0.40500000000000036 -0.7014805770653952 0.53
  

 -0.6087614290087214 -0.7933533402912345 -0.0
  
     -0.40500000000000036 -0.7014805770653952 0.53
     -0.5727564927611037 -0.5727564927611032 0.0
     -0.40500000000000036 -0.7014805770653952 0.0
  

 -0.6087614290087214 -0.7933533402912345 -0.0
  
     -0.5727564927611037 -0.5727564927611032 0.0
     -0.40500000000000036 -0.7014805770653952 0.53
     -0.5727564927611037 -0.5727564927611032 0.53
  

 -0.7933533402912354 -0.6087614290087203 -0.0
  
     -0.7014805770653955 -0.4049999999999998 0.53
     -0.5727564927611037 -0.5727564927611032 0.0
     -0.5727564927611037 -0.5727564927611032 0.53
  

 -0.7933533402912354 -0.6087614290087203 -0.0
  
     -0.5727564927611037 -0.5727564927611032 0.0
     -0.7014805770653955 -0.4049999999999998 0.53
     -0.7014805770653955 -0.4049999999999998 0.0
  

 -0.923879532511287 -0.38268343236508956 -0.0
  
     -0.7823999192941454 -0.2096434265330415 0.53
     -0.7014805770653955 -0.4049999999999998 0.0
     -0.7014805770653955 -0.4049999999999998 0.53
  

 -0.923879532511287 -0.38268343236508956 -0.0
  
     -0.7014805770653955 -0.4049999999999998 0.0
     -0.7823999192941454 -0.2096434265330415 0.53
     -0.7823999192941454 -0.2096434265330415 0.0
  

 -0.9914448613738106 -0.13052619222005113 -0.0
  
     -0.8099999999999999 9.919639073093561e-17 0.53
     -0.7823999192941454 -0.2096434265330415 0.0
     -0.7823999192941454 -0.2096434265330415 0.53
  

 -0.9914448613738106 -0.13052619222005113 -0.0
  
     -0.7823999192941454 -0.2096434265330415 0.0
     -0.8099999999999999 9.919639073093561e-17 0.53
     -0.8099999999999999 9.919639073093561e-17 0.0
  

 -0.9914448613738105 0.13052619222005174 0.0
  
     -0.7823999192941452 0.20964342653304202 0.53
     -0.8099999999999999 9.919639073093561e-17 0.0
     -0.8099999999999999 9.919639073093561e-17 0.53
  

 -0.9914448613738105 0.13052619222005174 0.0
  
     -0.8099999999999999 9.919639073093561e-17 0.0
     -0.7823999192941452 0.20964342653304202 0.53
     -0.7823999192941452 0.20964342653304202 0.0
  

 -0.9238795325112867 0.38268343236509 0.0
  
     -0.7014805770653951 0.4050000000000003 0.53
     -0.7823999192941452 0.20964342653304202 0.0
     -0.7823999192941452 0.20964342653304202 0.53
  

 -0.9238795325112867 0.38268343236509 0.0
  
     -0.7823999192941452 0.20964342653304202 0.0
     -0.7014805770653951 0.4050000000000003 0.53
     -0.7014805770653951 0.4050000000000003 0.0
  

 -0.7933533402912349 0.6087614290087209 0.0
  
     -0.5727564927611034 0.5727564927611036 0.53
     -0.7014805770653951 0.4050000000000003 0.0
     -0.7014805770653951 0.4050000000000003 0.53
  

 -0.7933533402912349 0.6087614290087209 0.0
  
     -0.7014805770653951 0.4050000000000003 0.0
     -0.5727564927611034 0.5727564927611036 0.53
     -0.5727564927611034 0.5727564927611036 0.0
  

 -0.6087614290087205 0.7933533402912354 0.0
  
     -0.5727564927611034 0.5727564927611036 0.53
     -0.4049999999999998 0.7014805770653955 0.0
     -0.5727564927611034 0.5727564927611036 0.0
  

 -0.6087614290087205 0.7933533402912354 0.0
  
     -0.4049999999999998 0.7014805770653955 0.0
     -0.5727564927611034 0.5727564927611036 0.53
     -0.4049999999999998 0.7014805770653955 0.53
  

 -0.3826834323650899 0.9238795325112868 0.0
  
     -0.4049999999999998 0.7014805770653955 0.53
     -0.20964342653304166 0.7823999192941454 0.0
     -0.4049999999999998 0.7014805770653955 0.0
  

 -0.3826834323650899 0.9238795325112868 0.0
  
     -0.20964342653304166 0.7823999192941454 0.0
     -0.4049999999999998 0.7014805770653955 0.53
     -0.20964342653304166 0.7823999192941454 0.53
  

 -0.13052619222005146 0.9914448613738106 0.0
  
     -0.20964342653304166 0.7823999192941454 0.53
     4.95981953654678e-17 0.81 0.0
     -0.20964342653304166 0.7823999192941454 0.0
  

 -0.13052619222005146 0.9914448613738106 0.0
  
     4.95981953654678e-17 0.81 0.0
     -0.20964342653304166 0.7823999192941454 0.53
     4.95981953654678e-17 0.81 0.53
  

 0.13052619222005177 0.9914448613738105 0.0
  
     4.95981953654678e-17 0.81 0.53
     0.20964342653304194 0.7823999192941453 0.0
     4.95981953654678e-17 0.81 0.0
  

 0.13052619222005177 0.9914448613738105 0.0
  
     0.20964342653304194 0.7823999192941453 0.0
     4.95981953654678e-17 0.81 0.53
     0.20964342653304194 0.7823999192941453 0.53
  

 0.3826834323650899 0.9238795325112868 0.0
  
     0.20964342653304194 0.7823999192941453 0.53
     0.4050000000000001 0.7014805770653953 0.0
     0.20964342653304194 0.7823999192941453 0.0
  

 0.3826834323650899 0.9238795325112868 0.0
  
     0.4050000000000001 0.7014805770653953 0.0
     0.20964342653304194 0.7823999192941453 0.53
     0.4050000000000001 0.7014805770653953 0.53
  

 0.6087614290087207 0.7933533402912352 0.0
  
     0.4050000000000001 0.7014805770653953 0.53
     0.5727564927611035 0.5727564927611036 0.0
     0.4050000000000001 0.7014805770653953 0.0
  

 0.6087614290087207 0.7933533402912352 0.0
  
     0.5727564927611035 0.5727564927611036 0.0
     0.4050000000000001 0.7014805770653953 0.53
     0.5727564927611035 0.5727564927611036 0.53
  

 0.7933533402912354 0.6087614290087205 0.0
  
     0.5727564927611035 0.5727564927611036 0.0
     0.7014805770653953 0.40499999999999997 0.53
     0.7014805770653953 0.40499999999999997 0.0
  

 0.7933533402912354 0.6087614290087205 0.0
  
     0.7014805770653953 0.40499999999999997 0.53
     0.5727564927611035 0.5727564927611036 0.0
     0.5727564927611035 0.5727564927611036 0.53
  

 0.9238795325112868 0.38268343236508984 0.0
  
     0.7014805770653953 0.40499999999999997 0.0
     0.7823999192941453 0.2096434265330418 0.53
     0.7823999192941453 0.2096434265330418 0.0
  

 0.9238795325112868 0.38268343236508984 0.0
  
     0.7823999192941453 0.2096434265330418 0.53
     0.7014805770653953 0.40499999999999997 0.0
     0.7014805770653953 0.40499999999999997 0.53
  

 0.9914448613738106 0.1305261922200514 0.0
  
     0.7823999192941453 0.2096434265330418 0.0
     0.8099999999999999 0.0 0.53
     0.8099999999999999 0.0 0.0
  

 0.9914448613738106 0.1305261922200514 0.0
  
     0.8099999999999999 0.0 0.53
     0.7823999192941453 0.2096434265330418 0.0
     0.7823999192941453 0.2096434265330418 0.53
  

 0.9914448613738105 -0.13052619222005182 0.0
  
     0.8099999999999999 0.0 0.0
     0.7823999192941451 -0.20964342653304247 0.53
     0.7823999192941451 -0.20964342653304247 0.0
  

 0.9914448613738105 -0.13052619222005182 0.0
  
     0.7823999192941451 -0.20964342653304247 0.53
     0.8099999999999999 0.0 0.0
     0.8099999999999999 0.0 0.53
  

 0.9238795325112864 -0.3826834323650906 0.0
  
     0.7823999192941451 -0.20964342653304247 0.0
     0.701480577065395 -0.4050000000000004 0.53
     0.701480577065395 -0.4050000000000004 0.0
  

 0.9238795325112864 -0.3826834323650906 0.0
  
     0.701480577065395 -0.4050000000000004 0.53
     0.7823999192941451 -0.20964342653304247 0.0
     0.7823999192941451 -0.20964342653304247 0.53
  

 0.7933533402912349 -0.6087614290087209 0.0
  
     0.701480577065395 -0.4050000000000004 0.0
     0.5727564927611033 -0.5727564927611036 0.53
     0.5727564927611033 -0.5727564927611036 0.0
  

 0.7933533402912349 -0.6087614290087209 0.0
  
     0.5727564927611033 -0.5727564927611036 0.53
     0.701480577065395 -0.4050000000000004 0.0
     0.701480577065395 -0.4050000000000004 0.53
  

 0.6087614290087204 -0.7933533402912353 0.0
  
     0.5727564927611033 -0.5727564927611036 0.53
     0.40499999999999947 -0.7014805770653957 0.0
     0.5727564927611033 -0.5727564927611036 0.0
  

 0.6087614290087204 -0.7933533402912353 0.0
  
     0.40499999999999947 -0.7014805770653957 0.0
     0.5727564927611033 -0.5727564927611036 0.53
     0.40499999999999947 -0.7014805770653957 0.53
  

 0.3826834323650893 -0.9238795325112871 0.0
  
     0.40499999999999947 -0.7014805770653957 0.53
     0.20964342653304138 -0.7823999192941455 0.0
     0.40499999999999947 -0.7014805770653957 0.0
  

 0.3826834323650893 -0.9238795325112871 0.0
  
     0.20964342653304138 -0.7823999192941455 0.0
     0.40499999999999947 -0.7014805770653957 0.53
     0.20964342653304138 -0.7823999192941455 0.53
  

 0.13052619222005116 -0.9914448613738106 0.0
  
     0.20964342653304138 -0.7823999192941455 0.53
     -1.487945860964034e-16 -0.81 0.0
     0.20964342653304138 -0.7823999192941455 0.0
  

 0.13052619222005116 -0.9914448613738106 0.0
  
     -1.487945860964034e-16 -0.81 0.0
     0.20964342653304138 -0.7823999192941455 0.53
     -1.487945860964034e-16 -0.81 0.53
  
